; filename: _04-01-2023_21h14m31s.cfg
[lyrics] 
xsampa: O  O m 
 
[score] 
tempo: 100 
 
defaultSentenceLoudness: 0.5
 
globalTransposition: 0
 
midiNotes: 48,48 
 
rhythm: 4.444444444444444,4.444444444444444 
 
loud_accents: 0.7086614173228346,0.7086614173228346 
 
